168 
2 0 38 
2 48 52 
2 108 111 
2 113 155 
2 166 210 
2 221 234 
2 261 264 
2 298 310 
2 329 350 
2 371 376 
2 434 448 
2 451 452 
2 463 475 
2 486 1 
2 14 21 
2 256 279 
2 299 306 
2 315 322 
2 330 421 
2 454 2 
2 4 9 
2 30 37 
2 39 42 
2 43 49 
2 51 53 
2 57 58 
2 62 63 
2 67 68 
2 74 75 
2 77 82 
2 83 84 
2 85 87 
2 88 94 
2 96 98 
2 102 103 
2 110 118 
2 122 125 
2 126 127 
2 130 131 
2 133 134 
2 135 137 
2 140 142 
2 143 145 
2 146 150 
2 157 161 
2 167 168 
2 169 171 
2 173 176 
2 178 179 
2 183 184 
2 191 194 
2 202 205 
2 206 209 
2 211 215 
2 216 220 
2 222 223 
2 224 227 
2 228 229 
2 232 238 
2 239 241 
2 243 246 
2 248 250 
2 253 255 
2 257 260 
2 262 265 
3 12 33 47 
3 165 300 326 
3 482 16 22 
3 25 26 27 
3 29 32 36 
3 40 41 44 
3 45 46 50 
3 54 56 59 
3 66 69 70 
3 76 78 79 
3 80 81 92 
3 95 100 101 
3 104 106 107 
3 109 112 114 
3 115 116 119 
3 124 128 129 
3 132 136 138 
3 144 148 151 
3 152 153 160 
3 164 172 174 
3 185 186 195 
3 198 200 204 
3 207 217 226 
3 233 237 244 
3 245 247 251 
3 254 259 267 
3 269 274 280 
3 282 284 285 
3 289 295 304 
3 307 325 332 
3 339 341 347 
3 359 361 363 
3 365 372 373 
3 377 378 379 
3 390 395 401 
3 411 425 432 
3 446 450 453 
3 460 461 468 
3 490 494 28 
3 35 93 97 
3 190 196 197 
3 252 286 333 
3 369 420 423 
4 270 272 275 281 
4 287 290 291 293 
4 296 297 303 305 
4 308 309 312 313 
4 314 316 317 318 
4 321 323 327 331 
4 335 338 340 342 
4 343 344 346 349 
4 354 355 357 366 
4 368 370 374 380 
4 381 382 383 386 
4 389 393 398 402 
4 404 406 408 413 
4 415 416 417 418 
4 426 428 435 436 
4 440 456 457 458 
4 464 465 466 469 
4 470 471 476 477 
4 478 479 480 481 
4 483 485 487 488 
4 489 491 493 496 
4 3 6 8 10 
4 13 18 23 24 
4 31 55 65 71 
4 89 90 91 99 
4 105 117 121 123 
4 139 149 159 162 
4 163 177 180 188 
4 192 201 203 214 
4 218 225 230 235 
4 242 263 268 276 
4 278 283 294 302 
4 328 336 345 348 
4 351 353 362 364 
4 375 384 388 391 
4 392 394 397 399 
4 400 403 407 412 
4 422 424 427 429 
4 431 437 438 442 
4 444 447 449 459 
4 467 472 474 497 
4 5 15 19 20 
4 34 60 61 147 
4 175 181 187 193 
4 199 208 219 231 
4 236 240 249 258 
4 271 273 277 288 
4 292 311 320 324 
4 356 360 367 385 
4 387 396 405 409 
4 419 430 433 439 
4 445 455 473 498 
4 499 7 17 86 
4 154 189 212 334 
4 352 358 414 492 
4 11 64 72 73 
4 120 141 156 158 
4 170 182 213 266 
4 301 319 337 410 
4 443 462 484 495 
