1628 
2 0 313 
2 849 1382 
2 2024 3641 
2 3694 3991 
2 4465 4514 
2 5047 5451 
2 5566 5584 
2 6160 6264 
2 6446 6811 
2 7964 8196 
2 8263 8632 
2 9096 1 
2 66 141 
2 250 295 
2 363 455 
2 504 561 
2 619 775 
2 808 810 
2 838 1163 
2 1623 1698 
2 1871 1905 
2 1933 1974 
2 2109 2194 
2 2391 2443 
2 2471 2763 
2 2810 3234 
2 3320 3532 
2 3865 3943 
2 3958 4138 
2 4256 4270 
2 4411 4548 
2 4570 4608 
2 4820 4901 
2 5306 5420 
2 5706 5802 
2 5997 6045 
2 6083 6191 
2 6247 6501 
2 6894 7143 
2 7548 7576 
2 8095 8124 
2 8127 8130 
2 8354 8371 
2 8550 8566 
2 8781 9349 
2 9364 9501 
2 9593 9596 
2 9727 9826 
2 9835 9982 
2 9989 2 
2 271 411 
2 449 531 
2 600 776 
2 940 974 
2 1060 1306 
2 1407 1693 
2 1947 2175 
2 2372 2517 
2 2745 3086 
2 3600 3700 
2 3790 4014 
2 4020 4160 
2 4205 4710 
2 4715 4885 
2 5072 5259 
2 6101 6154 
2 6162 6166 
2 6468 6542 
2 6579 6708 
2 6737 6948 
2 6999 7040 
2 7066 7081 
2 7272 7492 
2 7638 7808 
2 7871 8356 
2 8365 8396 
2 8533 9023 
2 9212 9255 
2 9685 9815 
2 9832 9854 
2 3 1429 
2 1912 3857 
2 3944 5476 
2 7253 9871 
2 4 280 
2 388 405 
2 509 693 
2 782 935 
2 1105 1323 
2 1335 1611 
2 1732 1818 
2 2035 2384 
2 2483 2498 
2 3247 3821 
2 4621 5410 
2 5694 5779 
2 6843 7479 
2 7507 7669 
2 7807 7965 
2 8406 8412 
2 8726 8875 
2 9372 9999 
2 5 122 
2 129 377 
2 389 617 
2 657 748 
2 754 824 
2 985 1268 
2 1269 1304 
2 1834 2354 
2 2454 2477 
2 2701 3207 
2 3483 3510 
2 3574 3575 
2 3630 3786 
2 3919 3937 
2 3954 3996 
2 4007 4105 
2 4186 4563 
2 4566 4677 
2 4866 4915 
2 5084 5110 
2 5184 5195 
2 5352 5450 
2 5519 5787 
2 5953 6011 
2 6037 6070 
2 6080 6173 
2 6318 6455 
2 6573 6603 
2 7213 7225 
2 7232 7256 
2 7271 7566 
2 7775 8076 
2 8146 8471 
2 8496 8668 
2 8946 8948 
2 9430 9435 
2 9482 9504 
2 9558 9562 
2 9619 9652 
2 9668 9847 
2 6 257 
2 645 1340 
2 3089 4259 
2 5793 7629 
2 9124 7 
2 1812 4185 
2 9527 8 
2 64 165 
2 196 267 
2 492 527 
2 570 1091 
2 1303 1391 
2 1473 1691 
2 1745 1995 
2 2018 2181 
2 3048 3079 
2 3331 3447 
2 3693 3762 
2 3763 4012 
2 4080 4133 
2 4195 4227 
2 4239 4413 
2 4583 4684 
2 4868 5160 
2 5267 5311 
2 5388 5588 
2 5685 5943 
2 6073 6114 
2 6661 6718 
2 6840 6858 
2 7339 7486 
2 7670 8090 
2 8100 8185 
2 8227 8302 
2 8368 8389 
2 8458 8913 
2 9045 9236 
2 9258 9387 
2 9645 9904 
2 9960 9 
2 3042 3142 
2 10 145 
2 3050 3769 
2 4604 5250 
2 6715 7363 
2 8516 9014 
2 9350 11 
2 1049 1839 
2 1936 2160 
2 2267 12 
2 130 175 
2 450 759 
2 768 1000 
2 1077 1846 
2 1902 1973 
2 2108 2168 
2 2510 2611 
2 2635 2866 
2 2936 3117 
2 3195 3419 
2 3707 4373 
2 4846 5055 
2 5147 5596 
2 5614 5678 
2 6401 6749 
2 6773 6919 
2 7052 7211 
2 7245 7258 
2 7332 7654 
2 7781 7827 
2 7916 8039 
2 8073 8615 
2 8646 9190 
2 9233 9506 
2 9837 9990 
2 13 20 
2 252 305 
2 413 467 
2 579 640 
2 1167 1270 
2 1892 3515 
2 3698 4723 
2 4969 5443 
2 5731 5850 
2 5881 6005 
2 6225 6452 
2 7132 7430 
2 7581 9887 
2 9892 14 
2 134 265 
2 552 749 
2 816 1003 
2 1334 1354 
2 1481 1543 
2 1548 1607 
2 1644 1773 
2 2079 2236 
2 2392 2408 
2 2448 2650 
2 2813 3063 
2 3241 3303 
2 3369 3410 
2 3688 3738 
2 3874 3938 
2 4242 4612 
2 4665 4683 
2 5034 5078 
2 5126 5261 
2 5264 5561 
2 5703 5934 
2 5942 6020 
2 6235 6525 
2 6564 6572 
2 6891 6910 
2 6946 7076 
2 7157 7301 
2 7755 7996 
2 8070 8082 
2 8162 8360 
2 8364 8459 
2 8565 8755 
2 9391 9416 
2 9522 9805 
2 15 73 
2 155 320 
2 539 588 
2 655 914 
2 932 1014 
2 1251 1342 
2 1360 1380 
2 1398 1420 
2 1500 1603 
2 1719 2005 
2 2111 2317 
2 2369 2413 
2 2588 2641 
2 2643 2764 
2 2853 2904 
2 2991 3380 
2 3406 3441 
2 3461 3545 
2 3550 3576 
2 3766 3778 
2 3831 3955 
2 4241 4493 
2 4601 5062 
2 5186 5319 
2 5477 5587 
2 5590 5620 
2 5629 6139 
2 6159 6325 
2 6418 6431 
2 6475 6696 
2 6722 6980 
2 7021 7034 
2 7133 7338 
2 7448 7452 
2 7589 7650 
2 7941 8050 
2 8096 8191 
2 8192 8280 
2 8514 8520 
2 8825 8840 
2 8914 9116 
2 9125 9169 
2 9287 9308 
2 9353 9381 
2 9388 9607 
2 9923 9998 
2 16 23 
2 444 1516 
2 1793 2529 
2 2668 3263 
2 3431 3748 
2 3773 3806 
2 4537 4653 
2 4856 5200 
2 5387 5714 
2 6270 6630 
2 7197 7236 
2 7653 7743 
2 7813 8229 
2 8498 8675 
2 9105 9294 
2 9543 17 
2 56 172 
2 174 970 
2 1361 1712 
2 2566 2600 
2 4668 4946 
2 5705 5941 
2 6220 6577 
2 6605 6965 
2 7463 8527 
2 9425 9907 
2 9961 18 
2 2300 2308 
2 8997 9151 
2 9275 9713 
2 19 26 
2 43 127 
2 327 357 
2 438 907 
2 996 1038 
2 1349 1352 
2 1572 1887 
2 1903 1907 
2 1925 2058 
2 2146 2150 
2 2355 2383 
2 2748 2779 
2 2826 2840 
2 2915 2998 
2 3003 3101 
2 3122 3237 
2 3269 3432 
2 3489 3646 
2 3703 3864 
2 3934 4169 
2 4315 4321 
2 4424 4437 
2 4484 4825 
2 4835 4854 
2 4955 5216 
2 5315 5501 
2 5648 5664 
2 5764 5801 
2 5810 5861 
2 5868 5992 
2 6027 6124 
2 6145 6181 
2 6462 6505 
2 6646 6780 
2 6819 6900 
2 6966 7115 
2 7147 7353 
2 7390 7473 
2 7780 7905 
2 8194 8205 
2 8313 8337 
2 8390 8504 
2 8720 8738 
2 8902 9069 
2 9273 9642 
2 9834 9899 
2 9913 9994 
2 21 331 
2 595 1052 
2 1124 1143 
2 1213 1327 
2 1442 1592 
2 1602 1605 
2 1957 1966 
2 2103 2409 
2 2419 2617 
2 2729 2818 
2 2969 3007 
2 3043 3045 
2 3181 3192 
2 3221 3249 
2 3284 3403 
2 3554 3562 
2 3735 4010 
2 4154 4219 
2 4345 4924 
2 5415 5582 
2 5608 5715 
2 5723 5746 
2 5753 5847 
2 5867 5996 
2 6029 6056 
2 6059 6131 
2 6219 6324 
2 6338 6348 
2 6440 6521 
2 6566 6764 
2 6790 6869 
2 6907 6929 
2 7080 7124 
2 7373 7478 
2 7605 7709 
2 7999 8270 
2 8450 9115 
2 9385 9627 
2 9671 9750 
2 9762 22 
2 101 143 
2 419 1137 
2 1192 1212 
2 1313 1849 
2 2234 2549 
2 2730 3265 
2 3324 3664 
2 3878 3884 
2 4172 5140 
2 5189 5460 
2 5613 5621 
2 5702 5800 
2 6356 6560 
2 6671 6697 
2 6739 6990 
2 7275 7815 
2 8573 9003 
2 9013 9603 
2 9877 9948 
2 24 183 
2 956 1318 
2 1649 1961 
2 2074 2399 
2 2595 3280 
2 3370 4104 
2 6137 6352 
2 8252 8326 
2 8383 8435 
2 8568 9413 
2 25 224 
2 275 341 
2 452 698 
2 921 1190 
2 1612 1770 
2 1878 2026 
2 2385 2546 
2 2664 2899 
2 2928 2961 
2 3169 3382 
2 3591 3611 
2 3803 3810 
2 3994 4236 
2 4571 4911 
2 5100 5430 
2 5640 6040 
2 6222 6454 
2 6643 6961 
2 7000 7071 
2 7574 7658 
2 7985 8001 
2 8085 8541 
2 9189 9297 
2 9311 9411 
2 9861 9914 
2 27 54 
2 238 319 
2 468 526 
2 582 659 
2 746 886 
2 972 1302 
2 1775 2153 
2 2280 2656 
2 2662 2709 
2 3454 3523 
2 3619 3696 
2 3719 3990 
2 4009 4691 
2 5538 5809 
2 5828 5838 
2 6031 6119 
2 6185 6195 
2 6290 6334 
2 6509 6592 
2 6862 6923 
2 7782 7852 
2 7890 8000 
3 2917 3061 3365 
3 3372 3851 3923 
3 3976 4075 4140 
3 4171 4281 4316 
3 4343 4526 4539 
3 4552 4945 5022 
3 5115 5284 5285 
3 5393 5431 5562 
3 5637 5795 6372 
3 6530 6609 6642 
3 6653 6798 6928 
3 6955 6992 7023 
3 7128 7440 7621 
3 7779 7798 7865 
3 7997 8112 8306 
3 8308 8330 8421 
3 8433 8590 8611 
3 8741 8852 9080 
3 9293 9401 9440 
3 9449 9503 9840 
3 9875 9911 9936 
3 99 429 440 
3 563 743 1112 
3 1245 1247 1463 
3 1468 1493 1641 
3 1792 1795 1828 
3 2017 2455 2507 
3 2519 2581 2638 
3 2945 3081 3197 
3 3377 3384 3387 
3 3533 3535 3571 
3 3603 3682 3742 
3 3931 4008 4084 
3 4114 4536 4541 
3 4576 4589 4593 
3 4743 4968 4998 
3 5202 5221 5228 
3 5440 5552 5618 
3 5634 5857 5999 
3 6043 6103 6236 
3 6360 6503 6710 
3 6878 6991 7035 
3 7113 7182 7323 
3 7348 7450 7597 
3 7705 7811 7933 
3 8029 8054 8121 
3 8512 8666 8765 
3 8959 9127 9228 
3 9290 9704 9740 
3 9898 9939 103 
3 717 2009 2802 
3 3356 4582 6316 
3 6363 8839 9443 
3 9779 106 215 
3 315 326 515 
3 517 805 1075 
3 1079 1278 1499 
3 2049 2511 2526 
3 2757 2948 3080 
3 3150 3335 3409 
3 3426 3479 4393 
3 4609 5252 5569 
3 5601 5698 5788 
3 6186 6754 7131 
3 7372 7405 8008 
3 8257 8499 8662 
3 8927 9027 9046 
3 9120 9188 9964 
3 107 190 237 
3 244 262 410 
3 503 553 1005 
3 1189 1267 1315 
3 1402 1489 1758 
3 1826 2171 2251 
3 2411 2474 2925 
3 3033 3408 3478 
3 3481 3675 3741 
3 3909 3953 4035 
3 4113 4274 4408 
3 4620 4963 5012 
3 5256 5353 5367 
3 5748 5967 6072 
3 6345 6379 6507 
3 6807 6888 7180 
3 7227 7300 7498 
3 7599 7645 7649 
3 7739 7760 7787 
3 7794 7866 7909 
3 7928 8017 8023 
3 8099 8274 8329 
3 8391 8552 8598 
3 8672 9153 9180 
3 9211 9249 9355 
3 9658 9912 108 
3 616 819 862 
3 1227 1277 1574 
3 1652 1841 1958 
3 1971 2288 2418 
3 2805 3006 3753 
3 4226 4355 4468 
3 4714 4789 5060 
3 5182 5206 5254 
3 5329 5550 5578 
3 5663 5718 6213 
3 6387 6513 6904 
3 7019 7229 7298 
3 7546 7795 8534 
3 8645 8870 9100 
3 9367 9406 9647 
3 9710 9863 109 
3 330 387 397 
3 426 454 479 
3 497 665 707 
3 721 843 1028 
3 1126 1215 1239 
3 1394 1425 1520 
3 1674 1896 2004 
3 2015 2031 2032 
3 2053 2158 2187 
3 2197 2338 2446 
3 2524 2613 2654 
3 2675 2777 2791 
3 2822 2914 3036 
3 3071 3103 3162 
3 3456 3520 3659 
3 3723 3872 3946 
3 3974 3999 4003 
3 4250 4395 4420 
3 4460 4586 4862 
3 5103 5288 5434 
3 5605 5679 5737 
3 5738 5780 5843 
3 5846 5855 5858 
3 6164 6515 6729 
3 6768 6954 7073 
3 7193 7325 7619 
3 7720 7763 7930 
3 7976 8025 8033 
3 8285 8402 8544 
3 8664 8723 8937 
3 9170 9476 9707 
3 9753 110 8392 
3 111 118 184 
3 192 209 303 
3 596 1142 2170 
3 2206 2556 2769 
3 3082 3476 3530 
3 3879 3984 4577 
3 4732 4890 4891 
3 4972 6187 6853 
3 7059 7427 7639 
3 7789 8117 8144 
3 8311 8786 8877 
3 9380 9415 9749 
3 112 114 299 
3 544 607 1039 
3 1211 1555 1764 
3 1832 1862 1864 
3 2352 2433 2633 
3 2700 2909 2933 
3 3109 3158 3414 
3 3434 3453 3529 
3 3549 3644 3852 
3 4271 4365 4422 
3 4441 4466 4733 
3 4828 5263 5275 
3 5347 5364 5473 
3 5479 5722 5892 
3 5929 6009 6622 
3 6634 6880 6881 
3 6945 7162 7260 
3 7364 7797 7840 
3 7858 8503 8532 
3 8595 8631 8763 
3 8812 9084 9371 
3 9547 9788 9794 
3 9811 9905 117 
3 2007 2221 2295 
3 2649 3258 4491 
3 4990 6396 7518 
3 7558 8081 8673 
3 8833 9182 9214 
3 9450 119 277 
3 505 979 1008 
3 1083 1088 1103 
3 1294 1386 1421 
3 1459 1733 1794 
3 2067 2084 2270 
3 2275 2371 2630 
3 2970 2976 3066 
3 3159 3172 3666 
3 3729 3856 3918 
3 3995 4005 4037 
3 4127 4353 4492 
3 4674 4756 4844 
3 5129 5196 5224 
3 5242 5692 5842 
3 5894 5914 5946 
3 5956 5974 6044 
3 6286 6706 6810 
3 7164 7288 7539 
3 7620 7891 7913 
3 8078 8236 8351 
3 8586 8657 8878 
3 8899 8962 9039 
3 9108 9160 9219 
3 9352 9424 9563 
3 9789 9867 9872 
3 120 201 3757 
3 5729 8626 9344 
3 9576 121 230 
3 274 908 1485 
3 1517 1695 1972 
3 2485 2512 2771 
3 2808 2812 2974 
3 3493 3716 3717 
3 3727 4523 4724 
3 4952 5696 5747 
3 5906 5983 5993 
3 6156 6308 6411 
3 6614 6902 7075 
3 7590 7741 8061 
3 8135 8244 8272 
3 9436 9556 123 
3 185 1058 1806 
3 1898 1951 2335 
3 2402 3274 3547 
3 4562 6118 6130 
3 6600 6846 7600 
3 7849 8382 8567 
3 9181 9611 9624 
3 9985 124 151 
3 307 1260 1877 
3 1994 2732 4054 
3 6206 6443 6741 
3 6984 8468 8537 
3 128 189 383 
3 719 789 1099 
3 1403 1685 2152 
3 3917 4290 4403 
3 4518 4726 4906 
3 4986 6125 6253 
3 6748 7333 7365 
3 7434 7441 7799 
3 8103 8309 8321 
3 8771 9314 9346 
3 9555 9862 9876 
3 131 270 430 
3 431 456 1062 
3 1640 2746 3311 
3 3926 4000 5082 
3 5606 5751 6576 
3 7397 7614 7729 
3 7924 8089 8215 
3 8454 9028 9187 
3 9519 9600 9716 
3 9768 132 2968 
3 4670 7819 133 
3 217 279 845 
3 893 1404 1627 
3 1665 1814 1867 
3 1985 2068 2334 
3 2731 3262 3300 
3 3334 3442 3783 
3 3965 4094 4910 
3 5736 5770 6227 
3 6373 6432 6517 
3 6529 6953 7309 
3 7684 7788 7903 
3 8539 8618 8633 
3 8987 136 439 
3 673 1036 1259 
3 1744 1980 2072 
3 2632 2977 3956 
3 4301 4534 4796 
3 5191 5986 6003 
3 6161 6761 6890 
3 7170 7663 8401 
3 8447 9086 9431 
3 9538 9584 9656 
3 137 559 1116 
3 1152 1154 1484 
3 2627 2937 4038 
3 4439 5902 7536 
3 8524 9599 138 
3 140 162 856 
3 920 950 1018 
3 1109 1151 1218 
3 1319 1324 1438 
3 1506 1645 1741 
3 1931 2269 2379 
3 2473 2580 2688 
3 2717 2829 2888 
3 3326 3915 4022 
3 4042 4123 4234 
3 4317 4658 4834 
3 4920 5179 5220 
3 5436 5456 5876 
3 5995 6105 6660 
3 6683 6765 6825 
3 7089 7200 7235 
3 7389 7570 7657 
3 7679 7873 7901 
3 8237 8323 8505 
3 8528 8827 9017 
3 9257 9331 9348 
3 9379 9384 9681 
3 9798 9902 9951 
3 9975 139 164 
3 926 1963 2407 
3 3104 3540 4093 
3 6133 7149 8239 
3 9121 9161 142 
3 236 290 589 
3 1562 1642 1888 
3 2190 2705 3573 
3 4725 4997 6228 
3 7542 7734 8967 
3 9241 9799 144 
3 163 249 292 
3 757 771 827 
3 977 1130 1299 
3 1683 1928 1935 
3 2087 2173 2560 
3 3017 3424 3521 
3 3807 4628 4669 
3 5345 5511 6259 
3 6405 6770 7043 
3 7664 7902 7907 
3 8015 8268 8525 
3 8584 8842 8934 
3 9156 9209 9356 
3 146 909 1609 
3 3323 3718 4375 
3 4478 4720 5178 
3 5457 5489 6490 
3 6514 6778 7821 
3 8376 8715 8889 
3 8938 9468 9879 
3 147 210 404 
3 960 1471 2375 
3 2783 3760 3906 
3 4879 5336 5898 
3 6076 6800 6988 
3 7914 8432 8861 
3 9456 9848 9988 
3 150 1512 1922 
3 1930 2129 3153 
3 3299 3352 3559 
3 3983 4026 4057 
3 4953 5467 5776 
3 5901 6208 6585 
3 6870 7917 8299 
3 8954 9631 154 
3 360 533 583 
3 911 986 1290 
3 1374 1401 1664 
3 1915 1964 2431 
3 2706 2733 2858 
3 3201 3340 3546 
3 3628 3643 3788 
3 4062 4438 4976 
3 5029 5049 5108 
3 5153 5342 5406 
3 5466 5527 5539 
3 5619 5820 6631 
3 7005 7042 7183 
3 7822 7882 7921 
3 8511 9164 9321 
3 9638 9833 9929 
3 156 781 1350 
3 1496 1625 2039 
3 2098 3685 4232 
3 4470 4699 4899 
3 5483 5504 6177 
3 6559 6682 6720 
3 6833 6937 7045 
3 7077 7187 7483 
3 7606 7847 8002 
3 8009 8075 8462 
3 8530 9031 9793 
3 157 199 241 
3 288 316 618 
3 691 1209 1331 
3 2011 3313 3610 
3 3941 4149 4553 
3 4646 4842 4882 
3 5429 5804 6331 
3 7014 7134 7223 
3 7274 7553 7962 
3 8273 8709 8776 
3 8853 9785 9860 
3 159 219 472 
3 828 1093 1172 
3 1624 1783 2406 
3 2444 2621 2775 
3 2951 3131 3381 
3 3491 3817 3888 
3 4613 4630 4678 
3 5246 5253 6096 
3 6132 6261 6520 
3 7117 7233 7400 
3 7786 8049 8166 
3 8316 8464 8759 
3 8789 8793 9759 
3 9901 160 516 
3 899 1266 1271 
3 1774 1848 2105 
3 2216 2294 2911 
3 3506 4564 5323 
3 6774 7460 8640 
3 161 677 697 
3 1198 1559 1581 
3 2157 2839 2906 
3 3041 3049 3057 
3 3133 3220 3338 
3 4050 4157 4464 
3 4602 4666 4813 
3 5120 5225 5299 
3 5463 5811 5890 
3 5915 6088 6284 
3 6400 6788 6939 
3 7270 8104 8474 
3 8768 8951 8972 
3 9050 9322 9536 
3 9851 9981 167 
3 223 724 989 
3 1033 1185 1241 
3 1310 1408 1448 
3 1617 1676 1772 
3 1901 2760 2767 
3 2845 3094 3100 
3 3116 3152 3215 
3 3245 3287 3393 
3 3459 3642 3815 
3 3829 3868 3908 
3 3970 4039 4086 
3 4159 4180 4349 
3 4755 4760 4864 
3 4999 5092 5447 
3 5486 5555 5560 
3 5826 6066 6200 
3 6523 6597 6909 
3 6916 7107 7160 
3 7358 7376 7378 
3 7455 7477 7503 
3 8024 8041 8157 
3 8188 8255 8428 
3 8764 8953 9012 
3 9040 9112 9147 
3 9351 9412 9455 
3 9480 9640 9666 
3 9808 9878 9916 
3 9949 9979 9980 
3 169 308 627 
3 961 988 1168 
3 2218 2314 2325 
3 2452 2587 2725 
3 2782 2831 2993 
3 3070 3091 3240 
3 3663 3863 3928 
3 4040 4077 4148 
3 4153 4177 4648 
3 4718 4797 4829 
3 4896 5018 5169 
3 5241 5286 5877 
3 5889 6216 6269 
3 6392 6416 6619 
3 6621 6845 7007 
3 7268 7527 7857 
3 8053 9098 9881 
3 170 300 1100 
3 1256 2148 2167 
3 2343 2707 3322 
3 4208 5756 6243 
3 6574 6705 6873 
3 7186 7731 7876 
3 7970 8276 9173 
3 171 214 1976 
3 2536 5492 7671 
3 7981 8614 8751 
3 173 342 491 
3 741 794 2030 
3 2410 2508 2676 
3 2715 3199 3385 
3 3827 4371 4425 
3 5005 5177 5327 
3 6158 6371 6434 
3 7092 7322 7399 
3 8164 8374 8491 
3 8602 8731 9148 
3 9162 9186 9533 
3 9557 9632 9644 
3 9717 177 2718 
3 4690 5600 6985 
3 6989 7026 8701 
3 9283 9722 178 
3 289 597 900 
3 1735 1847 1866 
3 1876 2872 3973 
3 4555 6036 6731 
3 7954 8606 9414 
3 9471 9580 9776 
3 179 194 987 
3 1305 1654 2330 
3 2425 2500 2996 
3 3636 4224 4372 
3 4758 4822 4860 
3 5340 5350 5508 
3 5745 6077 6654 
3 6675 6841 6901 
3 7097 7172 7416 
3 7588 7793 7915 
3 8142 8395 8507 
3 8535 8570 8770 
3 8778 8780 9011 
3 9070 9775 9787 
3 9822 180 412 
3 999 1134 1316 
3 1667 1777 1873 
3 2038 2525 2980 
3 3156 3413 3754 
3 4209 4525 4821 
3 5386 5549 5635 
3 6199 6283 6391 
3 6491 6516 6772 
3 6850 7011 7261 
3 7488 7504 8034 
3 8109 8118 9024 
3 9720 9825 9933 
3 182 1275 1307 
3 1762 1932 2310 
3 2357 2393 2583 
3 2673 2900 3205 
3 3266 3361 3534 
3 3846 4591 4770 
3 5472 5585 5632 
3 5910 6021 6098 
3 6237 6257 6412 
4 8231 8334 8554 9059 
4 9101 9146 9204 9229 
4 9270 9554 9972 28 
4 206 1620 1943 2516 
4 3239 3480 3677 3692 
4 4650 4859 5487 5513 
4 6193 6256 9286 29 
4 100 113 231 351 
4 445 490 501 580 
4 584 692 710 751 
4 790 1204 1246 1272 
4 1657 1894 1997 2041 
4 2113 2114 2189 2256 
4 2438 2576 2616 3040 
4 3113 3140 3163 3429 
4 3468 3592 3650 3982 
4 4210 4225 4268 4324 
4 4336 4481 4779 4784 
4 4947 5433 5564 5687 
4 5711 5716 5775 5784 
4 5827 6299 6317 6335 
4 6346 6424 6437 6464 
4 6486 6568 6861 6926 
4 6951 6995 7188 7354 
4 7598 7707 7747 7912 
4 8051 8057 8182 8317 
4 8448 8460 8488 8531 
4 8656 8704 8799 8841 
4 8909 8920 9001 9167 
4 9268 9277 9373 9676 
4 9739 9915 9937 9938 
4 30 115 2328 3147 
4 3570 4095 4407 5097 
4 5400 6604 7237 7418 
4 7828 7957 8235 8593 
4 8808 8897 8981 9272 
4 9655 31 168 725 
4 802 1453 2059 2412 
4 2469 3887 4736 4877 
4 4982 5181 5233 6148 
4 6175 6232 8663 9709 
4 9820 32 359 512 
4 804 947 3075 3188 
4 3339 5531 5556 5724 
4 6649 7010 7596 7956 
4 7966 8238 8682 9062 
4 9221 9549 9667 9802 
4 33 489 622 689 
4 1422 1584 2907 4495 
4 6361 6857 8019 34 
4 68 793 848 2388 
4 4031 4099 5190 5422 
4 5676 5882 6034 7423 
4 7803 7971 8256 8643 
4 8950 9227 35 102 
4 205 246 375 551 
4 663 857 882 929 
4 944 1011 1072 1257 
4 1280 1309 1370 1573 
4 1651 1739 1771 1879 
4 1910 2151 2223 2287 
4 2290 2341 2465 2618 
4 2655 2677 2719 2943 
4 2986 3185 3230 3252 
4 3282 3294 3336 3390 
4 3436 3652 3836 3858 
4 4017 4072 4207 4275 
4 4276 4432 4462 4497 
4 4687 4853 4889 4903 
4 4921 5016 5116 5119 
4 5165 5243 5258 5312 
4 5381 5414 5475 5626 
4 5759 5933 6084 6116 
4 6138 6221 6267 6327 
4 6383 6408 6433 6469 
4 6594 6736 6867 6898 
4 6936 7054 7082 7114 
4 7226 7312 7680 7790 
4 8046 8074 8092 8102 
4 8120 8207 8249 8403 
4 8787 8800 8910 8989 
4 8993 9067 9300 9417 
4 9428 9454 9460 9481 
4 9567 9725 9850 9953 
4 36 125 971 981 
4 1019 1089 1144 1314 
4 1325 1456 1458 1730 
4 1785 1855 2069 2302 
4 2445 2491 2644 2679 
4 2780 2844 2865 2869 
4 2923 3093 3151 3388 
4 3404 3556 3589 3627 
4 3701 3711 3921 3979 
4 4125 4166 4304 4364 
4 4454 4471 4590 4654 
4 4799 4905 5109 5230 
4 5354 5374 5390 5565 
4 5571 5654 5673 5735 
4 5976 6061 6067 6194 
4 6386 6422 6588 6758 
4 6793 6802 7304 7722 
4 7754 7784 7816 7837 
4 8243 8301 8515 8622 
4 8706 8843 8949 9109 
4 9191 9279 9310 9422 
4 9442 9452 9510 9541 
4 9731 9758 9809 9997 
4 37 86 1279 1694 
4 2207 3060 3344 3793 
4 4238 4387 4502 4635 
4 4777 5666 5732 5752 
4 6121 6197 6450 6463 
4 6809 6887 7674 7800 
4 7881 7895 8037 8859 
4 9075 9083 9855 38 
4 51 72 686 695 
4 1020 1082 1575 2415 
4 2424 2502 2504 2551 
4 3110 3321 3467 3695 
4 4184 4444 4739 5032 
4 5419 5782 6143 6435 
4 6441 6650 6730 6804 
4 6868 7381 7745 7919 
4 8147 8214 8429 8610 
4 8628 8794 8855 9010 
4 9145 9821 39 198 
4 635 835 1952 3371 
4 3966 5085 5255 5380 
4 5461 5865 5920 6202 
4 7013 7990 8325 8425 
4 8679 9122 9143 9222 
4 9971 40 1161 1678 
4 1688 2837 2859 2892 
4 3651 3789 4069 4994 
4 5066 5628 6127 6448 
4 6818 6925 7078 7602 
4 7850 7889 9659 41 
4 181 338 523 638 
4 653 672 1297 1518 
4 1547 1579 1802 2147 
4 3030 3325 3577 3669 
4 3785 4018 4616 4672 
4 4737 5117 5607 6136 
4 6230 6288 6354 7047 
4 7623 7982 7988 8065 
4 8248 8331 8596 8605 
4 8836 9032 9478 42 
4 233 557 712 851 
4 855 869 963 1229 
4 1375 1431 1441 1498 
4 2092 2139 2346 2416 
4 2421 2624 2981 3069 
4 3175 3184 3291 3538 
4 3599 3606 3676 3702 
4 3855 3910 4085 4096 
4 4178 4289 4455 4542 
4 4629 4682 4753 4817 
4 5130 5152 5194 5249 
4 5300 5455 5497 5638 
4 5662 5797 5806 6355 
4 6538 6665 6688 6691 
4 6791 6826 6974 7303 
4 7422 7604 7644 7718 
4 7750 7910 7968 8030 
4 8055 8106 8140 8583 
4 8634 8700 8724 8809 
4 8818 8856 8896 8901 
4 8925 8939 9052 9079 
4 9088 9177 9292 9304 
4 9439 9516 9579 9615 
4 9777 44 45 149 
4 678 1347 1761 2277 
4 2924 3011 3428 3811 
4 4016 4640 4887 5896 
4 5908 6184 6421 6700 
4 7220 7221 7809 8519 
4 9868 46 212 243 
4 460 664 787 905 
4 1034 1175 1419 1600 
4 1659 1697 1779 1784 
4 2434 2441 2487 2493 
4 2501 2539 2559 2639 
4 2682 3805 3814 4061 
4 4071 4190 4204 4278 
4 4362 4772 4785 4824 
4 5154 5425 5490 5656 
4 5707 5988 6047 6333 
4 6385 6394 6601 6657 
4 6893 7004 7012 7056 
4 7141 7181 7205 7297 
4 7331 7472 7482 7506 
4 7560 7612 7767 7904 
4 7926 7952 8072 8149 
4 8341 8476 8480 9110 
4 9315 9378 9515 9654 
4 9757 9845 9919 47 
4 4131 5219 7579 48 
4 75 176 585 699 
4 742 1024 1026 1092 
4 1264 1291 1545 1565 
4 1919 1962 2195 2292 
4 2312 2360 2449 2450 
4 2528 2820 2979 3250 
4 3345 3418 3452 3512 
4 3605 3687 3737 3952 
4 3964 4146 4203 4380 
4 4404 4510 4643 4729 
4 4809 4900 5093 5478 
4 5712 5922 5923 6030 
4 6089 6413 6689 6759 
4 6789 6892 6977 7402 
4 7495 7615 7698 7728 
4 8091 8105 8111 8266 
4 8294 8307 8510 8588 
4 8699 8888 8982 9118 
4 9184 9262 9520 9639 
4 9928 49 976 6702 
4 7202 7961 50 126 
4 285 340 386 399 
4 408 624 991 1041 
4 1156 1629 1675 1945 
4 2071 2156 2209 2250 
4 2339 2396 2626 2788 
4 2849 3014 3128 3168 
4 3305 3507 3537 3569 
4 3594 3597 3776 4023 
4 4183 4212 4213 4223 
4 4319 4397 4528 4569 
4 5102 5232 5337 5411 
4 5435 5532 5911 5990 
4 6624 6716 6785 6943 
4 7028 7324 7470 7776 
4 7817 7838 7869 7955 
4 8260 8261 8327 8518 
4 8858 8999 9095 9141 
4 9203 9216 9404 9408 
4 9574 9587 9766 9791 
4 9841 52 116 135 
4 266 368 470 524 
4 528 569 680 713 
4 927 1025 1104 1108 
4 1123 1236 1274 1343 
4 1457 1662 1748 1752 
4 1757 1776 1893 1938 
4 1940 1950 2132 2286 
4 2640 2721 2778 2832 
4 2871 3198 3435 3525 
4 3572 3732 3751 3755 
4 3876 4111 4130 4145 
4 4310 4418 4580 4680 
4 4686 4749 4759 4812 
4 5069 5394 5403 5597 
4 5684 5818 5878 5937 
4 5971 6048 6086 6182 
4 6190 6217 6251 6295 
4 6303 6369 6461 6658 
4 6855 7029 7203 7379 
4 7396 7575 7738 8217 
4 8226 8271 8300 8416 
4 8445 8481 8574 8587 
4 8649 8678 8974 9113 
4 9132 9317 9334 9395 
4 9445 9477 9537 9708 
4 9782 9796 9817 9947 
4 9967 9992 53 1718 
4 1874 3895 4933 5094 
4 6053 7105 7475 7875 
4 8342 8684 9238 9407 
4 9637 55 301 902 
4 1673 3087 6273 6419 
4 6627 7250 8866 9569 
4 57 346 740 2929 
4 3621 3665 4078 4173 
4 4267 4451 4750 5863 
4 5950 6046 6095 6189 
4 6291 6479 6563 6674 
4 7496 7826 9280 58 
4 4959 6467 6927 7079 
4 8187 8865 9559 59 
4 60 3062 3214 3308 
4 5239 5593 61 256 
4 311 424 507 574 
4 833 1177 1226 1283 
4 1749 1937 2110 2271 
4 2272 2532 2602 2827 
4 3635 4063 4098 4333 
4 4845 5213 5304 5533 
4 5617 5727 5870 6265 
4 6428 6429 6545 6607 
4 7017 7730 7864 8011 
4 8045 8110 8220 8500 
4 8542 8561 8698 8797 
4 8880 9126 9736 62 
4 2982 4374 7088 63 
4 2499 6240 65 1427 
4 2674 2817 3253 7922 
4 9340 67 2647 3368 
4 6426 69 148 195 
4 821 917 984 1045 
4 1063 1206 1329 1415 
4 1439 1554 1705 1897 
4 1969 2747 2934 3225 
4 3267 3794 3799 3935 
4 4323 4435 4651 4978 
4 5073 5210 5399 5643 
4 5957 6678 7069 7228 
4 7636 7712 7832 8857 
4 9282 9609 9977 70 
4 465 1012 1409 1535 
4 2159 2329 2437 2954 
4 3330 3596 4092 4188 
4 4742 5198 5872 6051 
4 6275 6280 6864 7751 
4 8006 8031 8876 8977 
4 9920 9935 9995 71 
4 4406 4925 6550 7516 
4 8322 9433 74 158 
4 220 374 510 572 
4 670 1578 1727 1852 
4 2054 2088 2253 2299 
4 2332 2476 2696 2734 
4 2743 2885 2919 3026 
4 3111 3400 3446 3936 
4 4082 4109 4414 4423 
4 4757 4895 5027 5309 
4 5528 5603 5639 5677 
4 5822 6150 6239 6272 
4 6378 6427 6512 6652 
4 6709 6875 6885 7185 
4 7421 7476 7843 7894 
4 8400 8424 8772 8867 
4 9037 9178 9254 9303 
4 9589 9641 9735 9883 
4 76 153 477 860 
4 1502 1590 2002 2137 
4 2164 2215 2304 2669 
4 3396 3509 4047 4298 
4 4811 5212 5951 6357 
4 6922 7176 7666 8398 
4 8571 8629 9274 9475 
4 77 202 298 485 
4 571 641 799 1102 
4 1113 1153 1252 1258 
4 1437 1477 1511 1525 
4 1619 1706 2029 2122 
4 2363 2607 2921 3118 
4 3405 3450 4218 4287 
4 4513 4614 4780 5215 
4 5516 6024 6330 6830 
4 7159 7327 7465 7528 
4 8373 8549 8581 8600 
4 8661 8744 9021 9099 
4 9410 9448 9774 78 
4 152 325 343 393 
4 402 511 615 639 
4 644 1220 1959 2101 
4 2169 3012 3318 3841 
4 4488 4549 5128 5817 
4 6699 6725 7960 8022 
4 8426 8576 9015 9223 
4 9540 9595 9678 79 
4 90 104 166 560 
4 647 758 852 933 
4 1051 1098 1125 1417 
4 1446 1560 1643 1797 
4 1991 2034 2119 2263 
4 2374 2394 2414 2482 
4 2534 2547 2625 2755 
4 2768 2816 2880 3065 
4 3231 3304 3351 3421 
4 3726 3920 3998 4162 
4 4168 4295 4366 4472 
4 4476 4485 4587 4652 
4 4805 4836 4970 5031 
4 5089 5320 5445 5468 
4 5506 5645 5667 5987 
4 6362 6465 6502 6626 
4 6717 6813 6896 7280 
4 7366 7449 7497 7601 
4 7714 7769 7940 8071 
4 8262 8324 8339 8394 
4 8414 8444 8710 8847 
4 8869 8917 8926 9077 
4 9466 9630 9697 80 
4 247 282 353 807 
4 878 891 945 952 
4 1030 1053 1150 1173 
4 1240 1368 1392 1666 
4 1682 1722 1786 2118 
4 2183 2214 2362 2623 
4 2784 2901 2940 3000 
4 3470 3524 3613 3710 
4 3881 3981 4033 4045 
4 4087 4182 4189 4296 
4 4332 4346 4368 4560 
4 4707 4838 4881 4991 
4 5011 5039 5076 5269 
4 5305 5314 5335 5452 
4 5830 5841 5880 6113 
4 6117 6672 6695 6728 
4 7137 7146 7284 7336 
4 7351 7485 7676 7702 
4 7723 7879 7998 8145 
4 8335 8623 8846 8904 
4 8922 9185 9405 9665 
4 9672 9909 81 428 
4 682 795 866 1006 
4 1171 1326 1501 1513 
4 1634 1696 1753 1804 
4 1917 1984 2231 2298 
4 2447 2657 3023 3053 
4 3059 3108 3307 3690 
4 4297 4427 4440 4588 
4 4876 4913 4966 4980 
4 5023 5158 5260 5262 
4 5377 5382 5783 5938 
4 6026 6971 7068 7248 
4 7337 7404 7533 7550 
4 8159 8494 8556 8635 
4 8868 9301 9357 9457 
4 9498 9686 82 4983 
4 83 937 949 1276 
4 1416 2799 3146 3449 
4 3761 3902 4249 4662 
4 5026 5346 6104 6210 
4 6544 6740 7024 7252 
4 7565 7804 8206 8456 
4 8821 8986 9065 9830 
4 84 474 547 599 
4 830 879 946 951 
4 980 1397 1472 1710 
4 1760 1863 1875 1914 
4 1916 2093 2261 2284 
4 2315 2403 2496 2710 
4 2738 2742 2926 2995 
4 3098 3166 3183 3548 
4 3601 3609 3631 3661 
4 3706 3767 3886 3900 
4 3967 3989 4049 4073 
4 4118 4261 4385 4626 
4 4719 4751 4776 4974 
4 5226 5326 5459 5623 
4 5932 5955 5975 6214 
4 6287 6292 6883 6997 
4 7191 7234 7468 7519 
4 7537 7563 7685 7846 
4 7860 7947 8126 8178 
4 8358 8369 8386 8885 
4 9034 9071 9103 9657 
4 9760 9801 85 1483 
4 2912 5170 6010 6662 
4 7302 8172 9078 87 
4 642 1010 2127 2555 
4 2848 6680 7204 7983 
4 8617 9135 88 536 
4 566 671 763 815 
4 880 1066 1195 1289 
4 1599 1829 1850 2229 
4 2359 2365 2515 2658 
4 2665 2756 2897 2955 
4 3019 3051 3194 3296 
4 3486 3823 3871 4122 
4 4417 4712 4721 4738 
4 4937 5088 5322 5423 
4 5495 5568 5691 5792 
4 5925 5928 5961 5964 
4 6167 6535 6644 6930 
4 7257 7360 7511 7651 
4 7749 7887 8062 8170 
4 8219 8676 8969 9030 
4 9117 9316 9369 9934 
4 9943 89 545 934 
4 1292 1638 1716 2184 
4 2326 2376 2464 2947 
4 3076 3085 3124 3216 
4 3411 3929 3947 4428 
4 4529 4538 4544 4981 
4 5481 5594 5599 7065 
4 7289 7502 7672 7695 
4 8638 8694 9754 9770 
4 9846 9882 9941 91 
4 380 587 609 646 
4 812 1145 1186 1550 
4 1686 1999 2075 2100 
4 2224 2301 2594 2614 
4 2693 2703 3255 3328 
4 3471 3494 3625 3901 
4 4108 4191 4494 4512 
4 4533 4610 4728 4740 
4 4763 4962 4985 5063 
4 5070 5296 5537 5543 
4 5624 5674 5767 5940 
4 5963 6305 6321 6438 
4 6458 6496 6593 6815 
4 7063 7345 7417 7611 
4 7773 7897 8443 8660 
4 8730 8739 8762 8831 
4 9470 9628 9723 9733 
4 92 350 420 494 
4 701 722 770 783 
4 817 1244 1262 1300 
4 1363 1367 1387 1432 
4 1566 1577 1736 1790 
4 1842 2014 2048 2063 
4 2217 2247 2258 2273 
4 2404 2593 2609 2684 
4 2971 2975 2989 3130 
4 3206 3277 3285 3288 
4 3378 3460 3551 3720 
4 3800 3850 3959 3962 
4 4264 4265 4347 4459 
4 4543 4603 4722 4748 
4 4934 5000 5004 5112 
4 5139 5270 5291 5385 
4 5630 5762 6271 6276 
4 6399 6552 6712 6775 
4 6795 6874 6906 6987 
4 7039 7144 7169 7189 
4 7291 7446 7469 7552 
4 7641 7708 7774 7810 
4 7908 8005 8069 8169 
4 8218 8225 8350 8362 
4 8404 8457 8490 8492 
4 8538 8575 8619 8680 
4 8691 8795 8916 8971 
4 9061 9093 9420 9441 
4 9467 9494 9517 9581 
4 9738 9780 9824 9918 
4 93 302 575 630 
4 883 1147 1148 1497 
4 2083 2192 2279 2553 
4 2807 3035 3088 3275 
4 3301 3464 3752 3816 
4 3992 4251 4426 4450 
4 4483 4681 4832 4929 
4 4973 5229 5280 5287 
4 5338 5681 5682 5774 
4 5912 6260 6485 6549 
4 6686 7142 7573 7607 
4 7783 7986 8420 8796 
4 8862 9055 9560 94 
4 576 1110 1132 1669 
4 1865 1978 2235 2570 
4 2946 3355 4156 4482 
4 4558 5098 5471 5831 
4 6002 6126 6323 6398 
4 6590 6727 6766 6851 
4 7048 7190 7721 8108 
4 8472 8756 8978 9073 
4 95 105 400 436 
4 447 476 716 772 
4 792 892 1301 1373 
4 1503 1672 1687 1815 
4 1990 2255 2283 2361 
4 2460 2646 2699 2846 
4 2918 3224 3289 3298 
4 3398 3448 3568 3614 
4 3649 4294 4329 4446 
4 4827 4931 5075 5142 
4 5159 5349 5396 5465 
4 5546 5739 5935 6250 
4 6310 6442 6546 6561 
4 6663 6781 6838 6886 
4 6931 6934 6949 7016 
4 7051 7240 7403 7414 
4 7487 8013 8020 8151 
4 8370 8582 9144 9195 
4 9343 9432 9512 9687 
4 9702 9893 96 767 
4 1061 1714 2043 2265 
4 2573 3655 5074 5728 
4 6042 6616 7824 8418 
4 9271 9341 9397 97 
4 372 500 620 978 
4 1330 1750 1939 2193 
4 2604 2661 2762 2786 
4 2949 3939 4046 5208 
4 6008 6097 6698 6964 
4 7995 8137 9201 9332 
4 9446 9699 9767 98 
4 232 310 324 484 
4 564 667 744 874 
4 890 918 1128 1384 
4 1389 1528 1604 1670 
4 1692 1782 2233 2599 
